4 33 0
5 33 0
6 33 0
7 33 0
8 33 0
4 34 1
5 34 0
6 34 0
7 34 0
8 34 0
4 35 1
5 35 1
6 35 0
7 35 0
8 35 0
4 36 1
5 36 1
6 36 1
7 36 0
8 36 0
4 37 1
5 37 1
6 37 1
7 37 1
8 37 0
4 38 1
5 38 1
6 38 1
7 38 1
8 38 1
4 39 1
5 39 1
6 39 1
7 39 1
8 39 1
4 40 2
5 40 1
6 40 1
7 40 1
8 40 1
4 41 2
5 41 1
6 41 1
7 41 1
8 41 1
4 42 2
5 42 2
6 42 1
7 42 1
8 42 1
4 43 2
5 43 2
6 43 1
7 43 1
8 43 1
4 44 2
5 44 2
6 44 2
7 44 1
8 44 1
4 45 2
5 45 2
6 45 2
7 45 1
8 45 1
4 46 2
5 46 2
6 46 2
7 46 2
8 46 1
4 47 2
5 47 2
6 47 2
7 47 2
8 47 1
4 48 2
5 48 2
6 48 2
7 48 2
8 48 2
4 49 2
5 49 2
6 49 2
7 49 2
8 49 2
4 50 2
5 50 2
6 50 2
7 50 2
8 50 2
4 51 2
5 51 2
6 51 2
7 51 2
8 51 2
4 52 3
5 52 2
6 52 2
7 52 2
8 52 2
4 53 3
5 53 2
6 53 2
7 53 2
8 53 2
4 54 3
5 54 2
6 54 2
7 54 2
8 54 2
4 55 3
5 55 2
6 55 2
7 55 2
8 55 2
4 56 3
5 56 3
6 56 2
7 56 2
8 56 2
4 57 3
5 57 3
6 57 2
7 57 2
8 57 2
4 58 3
5 58 3
6 58 2
7 58 2
8 58 2
4 59 3
5 59 3
6 59 2
7 59 2
8 59 2
4 60 3
5 60 3
6 60 3
7 60 2
8 60 2
4 61 3
5 61 3
6 61 3
7 61 2
8 61 2
4 62 3
5 62 3
6 62 3
7 62 2
8 62 2
4 63 3
5 63 3
6 63 3
7 63 2
8 63 2
4 64 3
5 64 3
6 64 3
7 64 3
8 64 2
4 65 3
5 65 3
6 65 3
7 65 3
8 65 2
4 66 3
5 66 3
6 66 3
7 66 3
8 66 2
4 67 3
5 67 3
6 67 3
7 67 3
8 67 2
4 68 3
5 68 3
6 68 3
7 68 3
8 68 3
4 69 3
5 69 3
6 69 3
7 69 3
8 69 3
4 70 3
5 70 3
6 70 3
7 70 3
8 70 3
4 71 3
5 71 3
6 71 3
7 71 3
8 71 3
4 72 3
5 72 3
6 72 3
7 72 3
8 72 3
4 73 3
5 73 3
6 73 3
7 73 3
8 73 3
4 74 3
5 74 3
6 74 3
7 74 3
8 74 3
4 75 3
5 75 3
6 75 3
7 75 3
8 75 3
4 76 4
5 76 3
6 76 3
7 76 3
8 76 3
4 77 4
5 77 3
6 77 3
7 77 3
8 77 3
4 78 4
5 78 3
6 78 3
7 78 3
8 78 3
4 79 4
5 79 3
6 79 3
7 79 3
8 79 3
4 80 4
5 80 3
6 80 3
7 80 3
8 80 3
4 81 4
5 81 3
6 81 3
7 81 3
8 81 3
4 82 4
5 82 3
6 82 3
7 82 3
8 82 3
4 83 4
5 83 3
6 83 3
7 83 3
8 83 3
4 84 4
5 84 4
6 84 3
7 84 3
8 84 3
4 85 4
5 85 4
6 85 3
7 85 3
8 85 3
4 86 4
5 86 4
6 86 3
7 86 3
8 86 3
4 87 4
5 87 4
6 87 3
7 87 3
8 87 3
4 88 4
5 88 4
6 88 3
7 88 3
8 88 3
4 89 4
5 89 4
6 89 3
7 89 3
8 89 3
4 90 4
5 90 4
6 90 3
7 90 3
8 90 3
4 91 4
5 91 4
6 91 3
7 91 3
8 91 3
4 92 4
5 92 4
6 92 4
7 92 3
8 92 3
4 93 4
5 93 4
6 93 4
7 93 3
8 93 3
4 94 4
5 94 4
6 94 4
7 94 3
8 94 3
4 95 4
5 95 4
6 95 4
7 95 3
8 95 3
4 96 4
5 96 4
6 96 4
7 96 3
8 96 3
4 97 4
5 97 4
6 97 4
7 97 3
8 97 3
4 98 4
5 98 4
6 98 4
7 98 3
8 98 3
4 99 4
5 99 4
6 99 4
7 99 3
8 99 3
4 100 4
5 100 4
6 100 4
7 100 4
8 100 3
4 101 4
5 101 4
6 101 4
7 101 4
8 101 3
4 102 4
5 102 4
6 102 4
7 102 4
8 102 3
4 103 4
5 103 4
6 103 4
7 103 4
8 103 3
4 104 4
5 104 4
6 104 4
7 104 4
8 104 3
4 105 4
5 105 4
6 105 4
7 105 4
8 105 3
4 106 4
5 106 4
6 106 4
7 106 4
8 106 3
4 107 4
5 107 4
6 107 4
7 107 4
8 107 3
4 108 4
5 108 4
6 108 4
7 108 4
8 108 4
4 109 4
5 109 4
6 109 4
7 109 4
8 109 4
4 110 4
5 110 4
6 110 4
7 110 4
8 110 4
4 111 4
5 111 4
6 111 4
7 111 4
8 111 4
4 112 4
5 112 4
6 112 4
7 112 4
8 112 4
4 113 4
5 113 4
6 113 4
7 113 4
8 113 4
4 114 4
5 114 4
6 114 4
7 114 4
8 114 4
4 115 4
5 115 4
6 115 4
7 115 4
8 115 4
4 116 4
5 116 4
6 116 4
7 116 4
8 116 4
4 117 4
5 117 4
6 117 4
7 117 4
8 117 4
4 118 4
5 118 4
6 118 4
7 118 4
8 118 4
4 119 4
5 119 4
6 119 4
7 119 4
8 119 4
4 120 4
5 120 4
6 120 4
7 120 4
8 120 4
4 121 4
5 121 4
6 121 4
7 121 4
8 121 4
4 122 4
5 122 4
6 122 4
7 122 4
8 122 4
4 123 4
5 123 4
6 123 4
7 123 4
8 123 4
4 124 4
5 124 3
6 124 4
7 124 4
8 124 4
4 125 4
5 125 3
6 125 4
7 125 4
8 125 4
4 126 4
5 126 3
6 126 4
7 126 4
8 126 4
4 127 4
5 127 3
6 127 4
7 127 4
8 127 4
4 128 4
5 128 3
6 128 4
7 128 4
8 128 4
4 129 4
5 129 3
6 129 4
7 129 4
8 129 4
4 130 4
5 130 3
6 130 4
7 130 4
8 130 4
4 131 4
5 131 3
6 131 4
7 131 4
8 131 4
4 132 4
5 132 4
6 132 3
7 132 4
8 132 4
4 133 4
5 133 4
6 133 3
7 133 4
8 133 4
4 134 4
5 134 4
6 134 3
7 134 4
8 134 4
4 135 4
5 135 4
6 135 3
7 135 4
8 135 4
4 136 4
5 136 4
6 136 3
7 136 4
8 136 4
4 137 4
5 137 4
6 137 3
7 137 4
8 137 4
4 138 4
5 138 4
6 138 3
7 138 4
8 138 4
4 139 4
5 139 4
6 139 3
7 139 4
8 139 4
4 140 4
5 140 4
6 140 4
7 140 3
8 140 4
4 141 4
5 141 4
6 141 4
7 141 3
8 141 4
4 142 4
5 142 4
6 142 4
7 142 3
8 142 4
4 143 4
5 143 4
6 143 4
7 143 3
8 143 4
4 144 4
5 144 4
6 144 4
7 144 3
8 144 4
4 145 4
5 145 4
6 145 4
7 145 3
8 145 4
4 146 4
5 146 4
6 146 4
7 146 3
8 146 4
4 147 4
5 147 4
6 147 4
7 147 3
8 147 4
4 148 4
5 148 4
6 148 4
7 148 4
8 148 3
4 149 4
5 149 4
6 149 4
7 149 4
8 149 3
4 150 4
5 150 4
6 150 4
7 150 4
8 150 3
4 151 4
5 151 4
6 151 4
7 151 4
8 151 3
4 152 4
5 152 4
6 152 4
7 152 4
8 152 3
4 153 4
5 153 4
6 153 4
7 153 4
8 153 3
4 154 4
5 154 4
6 154 4
7 154 4
8 154 3
4 155 4
5 155 4
6 155 4
7 155 4
8 155 3
4 156 4
5 156 4
6 156 4
7 156 4
8 156 4
4 157 4
5 157 4
6 157 4
7 157 4
8 157 4
4 158 4
5 158 4
6 158 4
7 158 4
8 158 4
4 159 4
5 159 4
6 159 4
7 159 4
8 159 4
4 160 4
5 160 4
6 160 4
7 160 4
8 160 4
4 161 4
5 161 4
6 161 4
7 161 4
8 161 4
4 162 4
5 162 4
6 162 4
7 162 4
8 162 4
4 163 4
5 163 4
6 163 4
7 163 4
8 163 4
4 164 4
5 164 4
6 164 4
7 164 4
8 164 4
4 165 4
5 165 4
6 165 4
7 165 4
8 165 4
4 166 4
5 166 4
6 166 4
7 166 4
8 166 4
4 167 4
5 167 4
6 167 4
7 167 4
8 167 4
4 168 4
5 168 4
6 168 4
7 168 4
8 168 4
4 169 4
5 169 4
6 169 4
7 169 4
8 169 4
4 170 4
5 170 4
6 170 4
7 170 4
8 170 4
4 171 4
5 171 4
6 171 4
7 171 4
8 171 4
4 172 4
5 172 3
6 172 4
7 172 4
8 172 4
4 173 4
5 173 3
6 173 4
7 173 4
8 173 4
4 174 4
5 174 3
6 174 4
7 174 4
8 174 4
4 175 4
5 175 3
6 175 4
7 175 4
8 175 4
4 176 4
5 176 3
6 176 4
7 176 4
8 176 4
4 177 4
5 177 3
6 177 4
7 177 4
8 177 4
4 178 4
5 178 3
6 178 4
7 178 4
8 178 4
4 179 4
5 179 3
6 179 4
7 179 4
8 179 4
4 180 4
5 180 4
6 180 3
7 180 4
8 180 4
4 181 4
5 181 4
6 181 3
7 181 4
8 181 4
4 182 4
5 182 4
6 182 3
7 182 4
8 182 4
4 183 4
5 183 4
6 183 3
7 183 4
8 183 4
4 184 4
5 184 4
6 184 3
7 184 4
8 184 4
4 185 4
5 185 4
6 185 3
7 185 4
8 185 4
4 186 4
5 186 4
6 186 3
7 186 4
8 186 4
4 187 4
5 187 4
6 187 3
7 187 4
8 187 4
4 188 4
5 188 4
6 188 4
7 188 3
8 188 4
4 189 4
5 189 4
6 189 4
7 189 3
8 189 4
4 190 4
5 190 4
6 190 4
7 190 3
8 190 4
4 191 4
5 191 4
6 191 4
7 191 3
8 191 4
4 192 4
5 192 4
6 192 4
7 192 3
8 192 4
4 193 4
5 193 4
6 193 4
7 193 3
8 193 4
4 194 4
5 194 4
6 194 4
7 194 3
8 194 4
4 195 4
5 195 4
6 195 4
7 195 3
8 195 4
4 196 4
5 196 4
6 196 4
7 196 4
8 196 3
4 197 4
5 197 4
6 197 4
7 197 4
8 197 3
4 198 4
5 198 4
6 198 4
7 198 4
8 198 3
4 199 4
5 199 4
6 199 4
7 199 4
8 199 3
4 200 4
5 200 4
6 200 4
7 200 4
8 200 3
4 201 4
5 201 4
6 201 4
7 201 4
8 201 3
4 202 4
5 202 4
6 202 4
7 202 4
8 202 3
4 203 4
5 203 4
6 203 4
7 203 4
8 203 3
5 204 4
6 204 4
7 204 4
8 204 4
5 205 4
6 205 4
7 205 4
8 205 4
5 206 4
6 206 4
7 206 4
8 206 4
5 207 4
6 207 4
7 207 4
8 207 4
5 208 4
6 208 4
7 208 4
8 208 4
5 209 4
6 209 4
7 209 4
8 209 4
5 210 4
6 210 4
7 210 4
8 210 4
5 211 4
6 211 4
7 211 4
8 211 4
5 212 4
6 212 4
7 212 4
8 212 4
5 213 4
6 213 4
7 213 4
8 213 4
5 214 4
6 214 4
7 214 4
8 214 4
5 215 4
6 215 4
7 215 4
8 215 4
5 216 4
6 216 4
7 216 4
8 216 4
5 217 4
6 217 4
7 217 4
8 217 4
5 218 4
6 218 4
7 218 4
8 218 4
6 219 4
7 219 4
8 219 4
6 220 4
7 220 4
8 220 4
6 221 4
7 221 4
8 221 4
6 222 4
7 222 4
8 222 4
6 223 4
7 223 4
8 223 4
6 224 4
7 224 4
8 224 4
6 225 4
7 225 4
8 225 4
6 226 4
7 226 4
8 226 4
6 227 4
7 227 4
8 227 4
6 228 4
7 228 4
8 228 4
6 229 4
7 229 4
8 229 4
6 230 4
7 230 4
8 230 4
6 231 4
7 231 4
8 231 4
6 232 4
7 232 4
8 232 4
6 233 4
7 233 4
8 233 4
6 234 4
7 234 4
8 234 4
6 235 4
7 235 4
8 235 4
6 236 4
7 236 4
8 236 4
6 237 4
7 237 4
8 237 4
6 238 4
7 238 4
8 238 4
6 239 4
7 239 4
8 239 4
6 240 4
7 240 4
8 240 4
6 241 4
7 241 4
8 241 4
6 242 4
7 242 4
8 242 4
6 243 4
7 243 4
8 243 4
6 244 4
7 244 4
8 244 3
6 245 4
7 245 4
8 245 3
6 246 4
7 246 4
8 246 3
6 247 4
7 247 4
8 247 3
6 248 4
7 248 4
8 248 3
6 249 4
7 249 4
8 249 3
6 250 4
7 250 4
8 250 3
6 251 4
7 251 4
8 251 3
7 252 4
8 252 4
7 253 4
8 253 4
7 254 4
8 254 4
7 255 4
8 255 4
7 256 4
8 256 4
7 257 4
8 257 4
8 258 4
8 259 4
8 260 4
8 261 4
8 262 4
8 263 4
8 264 4